1,7,10,11,19,22,34,40,0
2,8,10,19,28,34,36,40,1
3,1,6,12,13,27,33,34,0
4,11,13,14,15,20,31,32,0
5,5,22,28,33,35,36,39,0
6,2,12,22,28,31,35,40,0
7,7,12,17,18,35,36,39,0
8,5,6,18,26,29,35,39,0
9,11,12,20,23,31,35,37,1
10,9,13,15,17,22,25,34,0
11,7,13,21,23,25,29,39,0
12,2,17,19,25,33,34,37,1
13,6,19,20,21,26,34,39,0
14,1,3,14,16,18,23,37,0
15,3,12,16,17,24,26,30,1
16,6,10,18,25,26,33,40,0
17,5,9,11,16,26,29,35,0
18,6,9,16,32,33,36,37,0
19,8,19,23,26,35,36,38,0
20,1,2,17,19,21,31,32,0
21,7,12,13,14,30,35,38,0
22,1,5,13,15,21,27,37,2
23,7,14,25,29,31,32,33,0
24,2,13,18,19,24,36,38,1
25,5,10,12,15,26,30,33,1
26,4,8,12,15,33,38,39,0
27,1,11,18,19,21,27,39,0
28,1,11,19,25,30,33,34,0
29,1,6,13,15,17,30,36,0
30,3,7,15,21,22,28,37,0
31,4,7,17,20,25,28,29,1
32,12,19,21,24,35,38,39,0
33,7,16,18,29,35,37,38,1
34,1,22,23,27,28,37,38,0
35,13,16,19,22,26,27,36,0
36,10,11,12,25,29,30,39,0
37,1,8,9,13,16,20,30,1
38,1,10,19,27,36,37,39,0
39,5,14,16,34,37,38,39,0
40,6,19,20,26,30,37,40,0
41,3,7,16,20,22,24,34,0
42,8,10,20,22,24,27,36,0
43,4,6,8,11,14,25,29,0
44,4,7,11,21,26,30,37,0
45,3,5,19,32,35,36,40,0
46,1,2,28,30,34,37,40,0
47,3,10,14,15,16,28,31,0
48,1,3,11,25,27,32,36,0
49,11,14,19,31,33,39,40,0
50,4,6,8,11,20,36,37,0
51,10,16,18,33,36,37,39,0
52,2,8,12,17,18,22,36,0
53,1,9,11,13,29,30,39,1
54,4,10,11,24,25,35,40,0
55,5,7,8,14,26,34,40,0
56,2,9,12,13,30,31,40,0
57,24,25,28,32,33,35,36,0
58,6,9,10,16,17,21,34,2
59,2,4,8,12,37,39,40,0
60,1,13,14,16,19,26,31,0
61,4,9,12,25,31,36,37,0
62,1,9,14,16,18,27,37,1
63,6,7,14,16,28,33,34,0
64,4,6,13,16,28,35,40,1
65,6,18,22,28,30,36,40,0
66,11,15,16,17,18,19,24,0
67,6,9,16,21,28,30,32,1
68,5,7,8,9,16,17,21,1
69,6,11,19,23,26,27,33,0
70,5,16,26,27,33,36,40,0
71,5,12,14,31,34,37,39,0
72,5,9,11,13,17,20,21,0
73,8,10,16,23,24,26,34,1
74,6,7,10,14,16,18,31,0
75,6,16,25,32,34,35,37,0
76,7,18,19,21,25,29,38,0
77,7,9,12,19,25,32,33,0
78,3,4,12,15,30,31,36,0
79,11,12,18,24,27,30,36,0
80,1,9,16,24,26,39,40,0
81,8,13,17,30,36,37,38,0
82,2,4,15,18,22,26,32,1
83,9,11,12,19,21,35,37,0
84,2,4,6,9,26,39,40,0
85,14,17,21,22,33,36,39,0
86,3,8,21,23,25,27,39,0
87,1,10,22,31,34,37,40,0
88,6,9,16,17,21,22,24,0
89,6,9,12,21,28,29,32,1
90,2,7,9,12,27,33,35,0
91,4,7,13,14,17,27,29,0
92,1,5,11,17,30,38,40,1
93,2,3,6,24,26,27,38,1
94,13,16,19,20,25,27,38,2
95,3,5,8,28,30,38,39,1
96,6,18,19,28,32,34,40,0
97,4,8,11,17,32,34,37,0
98,3,4,22,27,28,32,35,0
99,3,4,17,28,31,37,39,2
100,4,5,13,15,19,24,38,0
101,10,14,16,22,25,34,38,0
102,1,13,14,16,28,38,40,0
103,3,9,14,18,27,35,36,0
104,9,20,23,25,27,28,35,0
105,12,13,17,26,27,29,32,0
106,1,3,17,24,27,29,34,0
107,7,14,20,21,22,23,37,0
108,6,9,11,16,28,34,37,0
109,4,7,9,12,14,17,28,1
110,15,16,23,31,36,37,39,1
111,8,9,17,25,34,37,40,0
112,4,12,14,17,23,33,35,0
113,7,8,24,29,35,37,38,0
114,1,13,17,22,26,31,37,0
115,16,18,19,20,25,30,36,0
116,8,11,22,25,30,31,36,1
117,15,19,22,24,27,30,37,1
118,6,12,23,27,28,33,34,0
119,1,12,14,23,31,33,34,3
120,4,10,13,19,26,28,33,0
121,11,14,18,23,27,31,38,0
122,2,15,18,21,32,37,39,0
123,23,24,25,31,33,36,39,1
124,17,27,29,33,35,37,39,0
125,3,7,16,22,34,38,39,0
126,3,15,27,30,33,39,40,0
127,2,5,8,10,19,28,35,0
128,4,5,6,11,14,28,35,0
129,5,7,11,14,18,23,32,1
130,11,12,14,18,20,31,37,0
131,9,12,13,15,18,27,29,1
132,6,13,14,16,20,22,40,0
133,4,6,12,15,17,19,38,0
134,1,2,6,24,32,33,40,0
135,2,13,15,17,24,33,39,0
136,5,11,12,14,26,28,36,2
137,8,11,13,19,23,31,39,1
138,7,17,22,26,33,36,37,0
139,1,6,11,12,22,23,40,0
140,8,15,16,20,24,34,39,0
141,3,9,10,13,21,25,27,1
142,2,5,11,12,21,28,29,0
143,12,16,17,18,21,24,34,1
144,9,13,28,32,35,37,40,0
145,2,6,13,17,25,34,38,0
146,5,9,10,11,18,24,27,1
147,3,4,6,7,12,18,37,0
148,2,15,16,31,32,37,40,0
149,8,18,26,27,29,39,40,0
150,6,20,22,28,35,37,38,0
